C 1.0 1.0
rho -1. 0.
H 0.0E-12 0.0E-12
A 0.0 0.0
n 0.0 0.0
Q 0.0 0.0
V 0.0 0.0
-0.780000
-0.780015
-0.780062
-0.780139
-0.780246
-0.780384
-0.780553
-0.780751
-0.780979
-0.781236
-0.781522
-0.781837
-0.782180
-0.782550
-0.782947
-0.783371
-0.783820
-0.784294
-0.784792
-0.785314
-0.785858
-0.786424
-0.787011
-0.787618
-0.788244
-0.788889
-0.789550
-0.790228
-0.790920
-0.791627
-0.792346
-0.793078
-0.793820
-0.794571
-0.795331
-0.796098
-0.796871
-0.797649
-0.798431
-0.799215
-0.800000
-0.800785
-0.801569
-0.802351
-0.803129
-0.803902
-0.804669
-0.805429
-0.806180
-0.806922
-0.807654
-0.808373
-0.809080
-0.809772
-0.810450
-0.811111
-0.811756
-0.812382
-0.812989
-0.813576
-0.814142
-0.814686
-0.815208
-0.815706
-0.816180
-0.816629
-0.817053
-0.817450
-0.817820
-0.818163
-0.818478
-0.818764
-0.819021
-0.819249
-0.819447
-0.819616
-0.819754
-0.819861
-0.819938
-0.819985
-0.820000
