4.163336342344337e-17  0.9970544918998527
0.03949579831932777  0.9838724149453596
0.07731092436974793  0.9662689818195319
0.1411764705882353  0.9384042276704496
0.20336134453781513  0.90906362545018
0.2663865546218487  0.8782518161903936
0.3420168067226891  0.8342084256382966
0.4100840336134453  0.7886783579411145
0.45210084033613435  0.7563551193673345
0.5134453781512605  0.7019761512852563
0.5663865546218487  0.6461089590475365
0.6193277310924368  0.5799324884593011
0.6554621848739495  0.5269798641105927
0.6857142857142857  0.47696191878813377
0.7084033613445377  0.4328210665709583
0.7369747899159662  0.3695452407767229
0.7630252100840336  0.30773752800089094
0.7857142857142856  0.2503418893330528
0.807563025210084  0.19589021175480492
0.826890756302521  0.15321592554547592
0.8428571428571427  0.11789922154428767
0.8638655462184872  0.09879209415725043
0.8882352941176468  0.07527289266221948
0.9201680672268906  0.070913416913157
0.9999999999999998  0.06958762886597925
