-0.0008403361344537369 0.9985256989393696
0.03697478991596642 0.9838677739136892
0.0697478991596639 0.9721460749248153
0.10420168067226893 0.9560092078068341
0.1420168067226891 0.9384057746810064
0.17478991596638654 0.9237385675919852
0.2100840336134454 0.9046577393844135
0.23529411764705882 0.8929221173005284
0.2605042016806723 0.878240987116496
0.29747899159663865 0.8576904988799643
0.3361344537815126 0.8327248425143253
0.380672268907563 0.803351753072363
0.41512605042016804 0.7783783616539399
0.4512605042016807 0.7504625561564832
0.4815126050420167 0.7254814296852761
0.5117647058823529 0.6960820410638482
0.5403361344537814 0.6681523124713802
0.5663865546218487 0.6402179428472419
0.5983193277310923 0.6005123698964121
0.6336134453781512 0.5563947228375886
0.6579831932773108 0.5196207348918949
0.6823529411764704 0.47990123884605385
0.7117647058823529 0.4254634843628172
0.7403361344537813 0.3636604126186558
0.7655462184873949 0.3018511528322668
0.7857142857142856 0.24445087313275815
0.8016806722689074 0.20177039888120185
0.8159663865546218 0.15761407655845838
0.8361344537815125 0.10757756710931787
0.8487394957983192 0.08109119936634435
0.8630252100840334 0.06049894184477911
0.8747899159663863 0.04579305949183787
0.8907563025210083 0.03404042029182808
0.9126050420168066 0.025244118265862925
0.9546218487394955 0.0164849444932611
0.9983193277310922 0.015092634992141196
